(MergeH1.c) - "thread-1"
TAMANHO		Serial		1		2		4		8		16		32
1500000		0.3925		0.3815		0.2243		0.2644		0.3032		0.2225		0.5830		
				1.0289		1.7501		1.4846		1.2946		1.7643		0.6733		
				1.0289		0.8751		0.3711		0.1618		0.1103		0.0210

(MergeH2.c) - "thread-2"
TAMANHO		Serial		1		2		4		8		16		32
1500000		0.3835		0.3812		0.2243		0.2801		0.2892		0.2157		0.2303		
				1.0060		1.7100		1.3688		1.3261		1.7776		1.6649		
				1.0060		0.8550		0.3422		0.1658		0.1111		0.0520

(MergeH3.c) - "thread/2"
TAMANHO		Serial		1		2		4		8		16		32
1500000		0.3843		0.3823		0.2242		0.2797		0.2983		0.2159		0.2254		
				1.0051		1.7142		1.3741		1.2883		1.7798		1.7049		
				1.0051		0.8571		0.3435		0.1610		0.1112		0.0533

(MergeHS.c)
TAMANHO		Serial		1		2		4		8		16		32
1500000		0.3844		0.9831		0.6297		0.6146		0.7604		0.5872		0.5811		
				0.3909		0.6104		0.6254		0.5055		0.6546		0.6614		
				0.3909		0.3052		0.1563		0.0632		0.0409		0.0207		
