(QuickH1.c) - "thread-1"
TAMANHO		Serial		1		2		4		8		16		32
1500000		0.3423		0.3436		0.2902		0.3136		0.3197		0.1964		0.4873		
				0.9960		1.1795		1.0912		1.0704		1.7422		0.7023		
				0.9960		0.5897		0.2728		0.1338		0.1089		0.0219

(QuickH2.c) - "thread-2"
TAMANHO		Serial		1		2		4		8		16		32
1500000		0.3492		0.3487		0.2780		0.2967		0.2937		0.2987		0.2939		
				1.0014		1.2562		1.1768		1.1888		1.1692		1.1881		
				1.0014		0.6281		0.2942		0.1486		0.0731		0.0371

(QuickH3.c) - "thread/2"
TAMANHO		Serial		1		2		4		8		16		32
1500000		0.3467		0.3418		0.3007		0.2729		0.2825		0.2233		0.3030		
				1.0142		1.1527		1.2702		1.2273		1.5527		1.1440		
				1.0142		0.5763		0.3176		0.1534		0.0970		0.0358

(QuickHS.c)
TAMANHO		Serial		1		2		4		8		16		32
1500000		0.3448		0.7112		0.5295		0.6278		0.6343		0.5568		0.5755		
				0.4848		0.6511		0.5492		0.5436		0.6192		0.5991		
				0.4848		0.3255		0.1373		0.0680		0.0387		0.0187
