23 2
20 10 14
4 6 89
3 17
1 0 4
0 1 61
1 0 95
0 1 72
1 0 67
2 0 69
1 0 49
2 0 83
2 1 60
1 2 74
0 1 81
2 0 52
0 1 19
0 1 87
1 2 87
0 2 4
2 1 63
3 31
1 2 73
1 0 26
1 2 24
1 0 54
0 1 85
1 2 82
2 1 23
0 1 37
0 2 40
2 1 77
2 0 46
0 1 5
0 2 50
2 0 93
2 1 77
0 1 99
0 1 37
0 1 10
0 1 57
0 2 11
1 0 8
2 0 2
1 0 88
0 2 10
0 1 46
2 0 8
1 2 21
0 2 87
0 2 90
1 0 1
1 2 20
10 3
0 9 81
9 4 50
5 8 87
30 47
8 3 67
19 29 75
11 15 53
3 10 98
3 22 46
11 13 2
14 12 82
25 19 84
24 17 82
20 14 1
15 24 39
15 10 50
22 26 3
24 10 47
16 27 20
21 15 83
4 28 97
23 29 75
2 14 19
9 6 1
3 18 47
13 8 94
1 17 88
11 0 2
0 8 40
15 19 21
13 11 65
5 10 40
19 4 93
17 14 12
5 14 17
5 0 22
2 15 93
5 7 94
5 15 33
21 4 54
26 7 70
23 17 10
5 13 54
22 27 65
20 4 33
17 26 54
2 12 6
9 4 71
24 20 28
20 14 51
28 9 18
3 27
2 1 92
2 0 21
1 0 65
2 0 22
1 2 36
0 2 42
1 0 42
2 1 53
2 0 61
0 2 89
2 0 13
1 0 87
0 1 38
2 1 64
2 1 47
0 1 100
2 0 33
2 0 92
0 2 42
0 2 70
1 0 82
0 2 26
2 0 23
1 2 76
1 2 69
0 2 31
2 1 79
14 44
11 3 44
2 3 99
1 2 46
10 5 22
3 8 15
6 3 29
1 6 51
2 11 81
11 2 11
5 2 72
2 5 67
4 6 17
4 7 63
11 12 57
11 1 63
3 2 43
4 8 93
6 4 25
1 4 35
5 6 50
7 6 43
6 9 66
8 11 44
3 9 1
0 8 15
1 10 9
5 3 53
9 5 77
6 9 2
9 1 3
2 6 45
8 13 62
0 10 6
1 3 86
3 1 21
6 3 24
9 3 50
2 7 83
1 11 98
13 6 35
12 0 18
6 0 54
5 7 79
6 2 2
20 11
14 4 35
18 7 36
8 18 70
12 11 68
18 3 5
0 9 38
4 6 42
5 12 12
15 11 18
16 1 36
0 4 63
21 9
20 18 38
14 3 41
1 2 36
15 0 66
19 20 64
0 9 68
18 4 99
1 4 73
10 17 57
5 8
0 2 1
0 4 11
2 0 6
1 0 5
3 2 42
2 1 72
1 3 65
2 4 75
5 30
1 0 7
4 0 92
2 0 54
2 0 31
3 0 15
0 2 15
4 0 38
0 1 85
3 1 18
4 1 76
0 4 19
0 4 36
2 4 21
2 4 56
4 3 10
3 2 96
0 1 18
3 1 27
2 3 66
1 0 19
2 3 14
2 1 67
3 1 81
1 3 33
2 0 28
0 3 27
1 0 53
1 0 24
1 3 36
2 3 60
13 25
7 2 99
0 10 32
10 8 59
3 10 89
9 8 34
7 10 94
4 3 97
6 10 61
5 2 68
2 0 44
9 2 94
11 1 25
0 11 49
5 8 37
1 5 22
8 2 67
1 5 64
9 4 24
4 7 43
6 7 38
4 11 32
4 1 8
2 0 43
0 11 51
5 8 55
24 1
6 17 14
5 3
3 2 29
3 1 56
1 0 5
25 12
1 14 28
20 5 43
20 21 96
19 2 49
10 15 62
13 10 96
19 1 42
17 2 55
2 10 63
21 16 76
24 5 55
19 13 98
31 57
22 16 72
3 22 88
18 15 50
23 29 51
12 15 6
15 10 16
5 18 82
27 12 15
3 20 55
28 0 16
14 27 73
3 23 29
16 12 99
14 30 65
30 29 24
7 14 37
25 12 65
4 21 20
24 7 78
25 26 36
19 9 89
11 13 6
22 21 99
21 15 34
17 0 52
30 26 70
9 6 19
30 19 22
4 29 1
30 11 80
7 17 25
20 7 59
10 28 70
24 4 59
22 25 77
18 12 28
22 6 27
10 24 9
8 16 86
17 1 14
4 7 59
11 3 45
8 6 50
12 1 27
4 16 88
16 14 61
23 11 34
14 18 20
30 22 89
29 30 24
8 5 86
19 6 31
25 13 32
5 14 10
9 28 49
26 12 10
16 21 43
22 2
17 11 31
12 2 48
19 45
5 18 32
9 18 65
8 0 85
17 8 93
4 17 64
2 4 25
15 7 56
18 7 63
7 10 33
11 10 79
13 6 62
12 2 27
10 16 75
18 6 32
13 18 37
17 6 4
5 18 65
10 18 39
17 5 20
5 6 25
11 2 14
11 9 59
8 3 46
14 2 23
11 15 74
17 16 53
16 1 75
12 14 96
18 11 94
2 12 67
4 2 55
13 6 30
13 4 9
12 11 28
8 15 80
2 14 28
4 8 47
15 7 94
7 14 82
16 0 92
16 7 54
0 7 81
4 18 99
13 15 82
9 8 61
21 41
17 0 50
2 0 83
6 1 63
4 16 36
11 4 27
4 3 21
4 7 43
16 6 78
7 4 88
17 4 29
8 15 86
10 16 20
14 15 34
18 10 21
6 12 48
10 13 68
12 0 62
5 6 39
12 8 78
6 10 7
0 4 56
14 11 72
6 8 100
15 4 17
6 7 70
11 20 40
2 18 54
7 3 44
17 9 22
0 17 80
0 20 87
13 10 58
19 16 57
13 20 25
18 5 94
17 2 53
14 12 23
15 4 71
19 1 3
19 18 34
7 17 99
24 26
22 1 85
20 12 61
5 17 54
14 23 58
20 12 80
6 22 2
14 15 98
7 2 14
6 19 24
9 15 6
10 19 72
14 4 73
13 0 99
20 15 56
16 3 88
15 17 89
5 8 39
12 2 4
11 22 27
12 13 85
14 8 8
11 4 58
17 20 56
13 11 63
21 14 2
12 23 43
28 26
6 24 27
4 11 42
25 18 90
14 18 16
2 13 61
19 13 33
14 10 89
17 11 67
26 4 95
8 21 31
4 3 41
0 5 22
2 3 39
20 12 41
17 4 8
14 0 83
5 24 77
22 19 96
4 24 90
13 1 72
1 4 12
13 21 33
27 24 72
3 21 12
21 25 71
7 9 6
13 44
9 7 60
1 5 68
0 5 45
2 10 37
11 0 27
3 1 51
10 4 56
7 10 53
0 12 58
8 9 52
2 5 74
9 4 39
1 2 97
12 5 74
12 11 14
0 11 87
6 3 83
4 3 91
3 9 21
12 2 56
6 2 13
11 0 2
2 1 83
7 4 10
9 7 19
12 7 6
5 11 88
11 3 30
2 1 2
12 3 15
0 10 57
10 8 42
1 7 82
10 6 95
10 5 5
5 4 16
5 11 31
8 10 59
12 1 52
12 4 67
12 3 75
10 0 68
6 12 40
12 8 18
11 34
7 1 4
2 10 12
0 4 70
5 0 53
2 10 3
6 2 20
0 6 68
6 10 10
7 8 85
1 4 54
9 0 33
9 10 44
10 1 13
10 2 28
5 4 20
4 10 20
7 9 55
7 4 31
5 9 23
5 8 100
3 8 32
2 5 75
10 5 39
1 7 55
10 6 2
4 3 21
9 1 75
3 4 58
8 2 80
2 9 79
3 6 62
3 10 88
2 4 26
4 0 32
31 3
30 4 50
6 0 11
23 15 18
14 36
7 12 66
11 1 97
4 8 58
9 6 46
11 6 23
10 1 55
9 0 63
7 4 37
9 12 86
6 13 28
2 13 17
2 7 60
10 5 42
2 0 25
6 9 61
7 2 81
7 8 89
9 0 46
5 4 65
5 7 1
2 0 91
9 10 9
12 3 33
11 12 79
6 3 43
6 3 24
0 11 3
0 13 10
2 8 96
7 10 41
5 0 31
1 7 33
2 1 41
1 4 70
2 4 13
5 13 91
4 4
1 3 39
2 3 69
1 0 64
3 1 57
14 10
8 10 30
10 8 27
0 4 25
13 4 36
12 10 40
1 13 78
5 3 47
11 7 62
10 4 19
4 7 14
28 42
13 17 100
3 11 50
7 25 64
2 23 68
25 7 36
19 8 95
5 11 18
6 20 58
8 3 22
17 21 98
18 20 55
1 27 38
11 8 45
6 7 87
13 14 68
5 21 31
0 15 40
21 4 10
8 10 51
1 7 4
5 12 59
16 14 84
24 19 51
15 3 33
2 17 78
7 12 11
23 11 44
11 2 77
5 0 81
24 2 86
20 21 12
6 15 4
25 11 17
0 1 60
1 14 54
26 7 82
9 6 41
23 17 48
7 21 62
9 17 2
3 14 71
18 13 21
31 1
11 12 76
28 12
16 1 11
26 8 44
7 26 84
14 15 83
22 20 44
3 21 46
18 20 68
9 5 88
6 22 82
21 7 9
6 20 21
27 18 39
31 17
30 7 10
21 5 26
3 19 20
1 5 28
7 0 61
4 22 76
14 13 87
28 23 3
29 20 81
4 9 2
11 24 58
14 18 97
3 1 27
6 20 6
6 0 100
27 13 85
7 6 100
30 7
22 14 67
25 1 37
18 6 97
6 16 17
22 2 63
10 17 28
21 17 65
8 28
6 0 60
6 3 30
4 3 55
6 1 60
0 2 18
5 6 86
7 6 50
4 1 92
1 0 39
5 0 37
6 4 68
1 7 2
4 5 10
6 3 92
0 6 33
6 3 78
4 5 17
5 6 45
6 2 90
6 0 51
2 5 1
1 0 67
6 1 35
1 6 73
7 2 69
3 6 19
0 7 88
6 7 93
11 32
10 3 42
0 9 35
4 5 47
3 0 12
4 8 86
6 4 56
3 6 6
5 7 85
7 9 18
2 10 2
10 1 43
0 10 77
4 3 75
5 3 86
8 9 83
9 4 6
3 6 5
2 1 95
8 9 77
10 9 18
10 9 72
5 7 4
0 9 52
2 3 14
8 10 49
2 4 79
6 10 19
7 8 10
3 2 22
2 6 84
9 10 40
3 2 24
13 12
12 1 22
0 3 93
0 1 89
6 1 90
6 8 95
0 1 98
12 9 26
10 8 23
2 3 43
5 2 66
7 12 40
12 5 79
26 28
24 10 22
20 3 96
22 11 77
4 1 13
25 2 81
7 12 12
13 3 18
8 21 39
17 4 28
11 18 14
23 21 89
3 12 53
14 13 11
17 16 19
19 4 52
7 0 59
12 13 8
8 5 74
14 9 79
7 20 15
4 24 68
18 2 57
7 4 18
25 0 95
3 5 61
4 8 16
19 21 55
24 20 97
30 9
6 22 55
22 17 25
10 29 83
28 27 93
15 11 65
2 18 8
12 8 3
29 6 60
13 21 24
8 49
4 5 83
5 3 65
1 7 15
0 5 74
4 5 91
6 2 50
0 4 4
2 6 63
2 5 2
7 5 20
2 1 83
2 6 88
7 0 61
5 1 26
3 6 20
0 4 4
4 5 94
2 7 80
0 4 6
7 4 67
2 5 50
4 3 89
3 4 49
0 5 75
5 3 45
1 4 18
2 0 49
1 2 41
2 7 99
1 3 65
3 0 66
7 4 55
3 0 3
3 5 29
7 1 75
3 1 76
3 6 70
5 2 96
4 2 50
7 4 7
0 1 59
4 6 50
0 4 100
4 1 80
3 2 54
6 3 81
2 1 76
1 6 35
2 3 43
8 4
2 3 15
6 2 65
2 6 21
4 1 1
13 48
10 6 91
5 7 52
10 8 86
11 1 73
5 6 51
10 9 22
1 2 24
1 9 39
0 7 95
9 12 93
6 5 35
11 0 87
8 10 18
9 6 83
2 11 42
1 4 65
3 10 98
1 6 82
11 10 32
7 11 25
0 4 11
12 6 49
9 5 66
6 12 100
10 12 42
0 3 58
5 2 56
8 11 37
6 10 3
4 5 35
10 12 71
3 10 27
9 10 24
10 11 31
11 0 64
4 5 45
8 1 11
6 5 67
6 5 87
0 3 47
1 6 92
11 1 41
10 7 87
11 10 6
11 8 3
3 6 76
0 6 27
9 1 93
11 21
7 6 42
0 5 55
5 0 23
6 2 96
6 2 38
0 4 1
4 2 78
5 9 74
0 2 1
7 6 91
2 10 49
7 8 13
5 8 3
6 3 44
8 7 59
1 3 83
2 9 75
7 9 78
8 0 78
2 4 68
4 1 68
31 48
13 8 55
18 12 74
26 1 40
25 10 63
21 20 92
7 10 54
19 15 99
16 2 39
13 12 1
24 8 20
1 23 60
11 15 38
12 26 1
21 29 39
10 15 4
20 4 68
2 10 61
4 0 83
16 17 73
23 9 83
15 26 76
30 26 4
24 11 60
20 23 4
4 28 70
8 24 33
16 25 26
15 14 20
1 16 13
8 1 12
3 9 17
28 19 81
6 7 79
29 5 54
23 27 87
9 2 48
27 19 68
18 1 71
25 2 47
25 10 8
5 11 45
15 6 85
17 13 37
9 11 44
4 5 72
4 24 33
21 6 19
22 0 76
7 14
5 2 78
3 5 79
4 6 9
6 5 69
3 2 34
6 5 19
1 2 68
5 6 63
0 2 74
6 1 70
3 1 100
4 6 78
1 3 38
6 2 6
8 0
13 31
6 7 30
1 9 91
12 11 95
9 10 54
11 9 89
10 11 47
11 10 44
3 6 99
11 3 51
11 4 30
9 8 11
10 11 54
7 12 23
6 10 30
6 8 19
3 7 17
10 4 42
2 3 53
6 7 97
4 8 66
1 6 71
9 7 93
5 4 81
3 10 8
11 3 65
4 7 93
8 3 99
4 11 24
12 9 31
6 5 48
7 0 18
22 43
7 9 70
3 7 10
4 18 9
18 6 19
7 19 52
9 11 48
8 12 83
16 17 9
7 20 74
15 8 70
1 15 39
4 20 100
9 17 8
13 1 2
10 1 76
19 12 29
10 16 15
3 20 99
21 14 85
5 21 60
19 8 35
15 17 93
0 12 53
13 12 54
2 13 29
21 2 10
7 16 24
8 12 23
8 4 59
11 1 18
8 10 5
4 3 50
14 11 40
4 19 81
18 21 25
18 1 17
12 14 84
2 0 79
6 16 55
5 6 32
13 5 97
16 15 73
4 18 63
13 49
12 11 25
4 0 29
6 9 41
8 3 29
6 1 91
10 11 59
10 8 49
0 5 42
6 9 85
8 11 66
6 3 80
6 10 67
4 12 73
9 3 63
10 9 31
10 11 5
5 10 11
12 6 64
9 10 90
7 10 78
12 3 35
10 11 55
9 12 86
1 6 100
2 0 19
12 11 24
6 10 86
8 6 49
4 3 38
4 0 24
12 0 59
2 12 60
9 8 86
1 12 74
3 12 44
4 12 19
0 9 4
8 2 5
1 7 42
3 9 9
5 2 61
4 7 68
2 1 11
1 3 54
0 5 100
12 4 83
10 2 78
0 2 56
9 2 88
9 5
7 8 38
8 1 65
1 8 14
2 7 70
4 0 82
13 26
10 9 43
0 7 64
0 9 42
1 5 61
8 11 88
9 8 27
1 2 34
1 9 87
3 6 15
1 4 43
12 2 85
1 11 1
2 7 42
5 2 54
0 2 41
9 0 67
11 2 100
9 11 2
2 9 74
8 10 20
11 10 21
9 0 6
6 7 79
10 8 31
5 12 80
4 12 46
13 26
4 7 28
0 8 24
12 0 54
12 6 61
1 11 79
6 8 56
5 3 86
5 4 30
9 6 15
2 12 64
4 3 15
11 5 91
0 5 38
1 4 1
9 4 66
4 0 17
4 5 7
6 12 62
9 10 35
11 0 29
4 6 52
9 1 70
2 4 48
9 7 5
0 3 88
9 10 89
28 34
21 16 2
15 7 88
23 12 79
13 7 83
9 16 52
4 2 100
24 0 56
4 2 95
25 16 35
15 11 75
9 11 76
8 18 63
20 14 30
27 25 40
15 3 85
1 26 89
13 17 5
15 4 98
4 6 87
27 21 26
10 23 91
1 19 71
15 25 19
24 11 54
27 10 33
10 18 2
11 2 67
16 7 15
6 4 67
27 22 22
7 15 28
10 2 81
19 24 21
2 11 77
16 30
9 4 43
10 14 94
5 13 49
11 9 53
1 8 43
6 15 10
13 6 20
6 8 1
10 0 4
6 10 60
10 3 49
8 9 92
6 14 53
15 14 28
7 10 21
7 12 35
13 2 28
6 9 54
6 1 100
0 12 75
3 12 81
13 4 78
11 7 24
10 15 39
4 2 47
1 6 58
3 0 95
12 8 77
14 5 23
10 13 88
5 26
0 2 4
2 1 23
1 2 42
4 3 14
2 1 19
2 3 40
0 4 69
0 4 43
3 0 30
0 3 33
3 0 15
0 2 96
4 2 99
2 4 92
0 4 84
2 1 52
4 0 94
2 0 76
4 0 8
4 0 55
4 0 58
1 0 53
3 2 14
4 1 42
1 4 39
0 2 10
10 41
5 9 17
2 6 76
6 3 30
7 4 39
3 1 79
6 1 97
7 6 59
7 4 51
4 1 99
2 0 40
0 1 56
2 7 83
1 0 7
0 8 70
5 1 1
1 2 97
1 8 55
8 4 58
7 5 60
8 6 82
7 3 44
0 5 77
6 8 1
7 8 46
9 8 48
0 6 51
4 1 89
5 0 58
5 7 4
6 8 57
2 5 44
8 5 42
4 6 95
3 4 40
2 4 39
2 0 89
7 1 78
9 3 65
8 0 60
6 5 89
4 1 61
28 5
24 4 28
22 0 64
17 13 38
24 7 99
8 6 52
15 1
12 5 67
17 42
13 5 30
5 6 34
11 7 67
1 15 95
10 8 75
16 6 7
4 10 33
9 15 48
7 15 62
14 3 54
10 9 83
6 15 68
0 6 87
9 12 81
0 12 90
15 9 37
8 16 82
14 11 79
4 2 30
0 7 63
1 16 97
16 15 17
7 12 3
0 7 35
8 2 76
6 12 13
6 2 46
3 5 24
10 7 48
1 15 10
11 14 58
10 3 74
0 15 28
8 6 14
0 16 90
6 11 54
3 14 99
15 10 75
5 0 32
11 15 89
5 0 62
15 11 87
24 25
6 22 90
23 7 65
11 0 35
21 5 53
10 20 16
9 10 10
4 13 28
11 13 52
20 14 14
15 9 78
13 12 24
12 2 71
5 2 42
10 20 31
22 5 25
8 0 15
13 5 99
3 5 38
9 4 39
18 17 78
23 10 35
6 1 5
11 19 98
22 8 29
20 13 53
25 39
24 18 35
14 18 2
5 6 43
10 21 22
18 0 65
0 9 66
4 6 37
3 13 65
1 6 8
17 9 97
16 4 32
7 23 85
14 6 28
1 4 49
20 4 65
22 15 30
3 21 66
6 11 31
13 17 84
24 2 51
5 23 69
5 6 3
11 18 18
15 22 94
19 20 91
12 9 91
17 8 56
24 21 38
14 16 74
13 18 24
20 18 45
1 2 47
12 20 16
5 17 62
1 14 52
13 0 42
21 15 84
19 22 83
23 10 11
30 56
24 13 35
1 9 86
18 28 23
2 15 80
1 26 7
3 28 20
25 29 18
22 4 12
9 17 50
29 22 80
5 11 54
6 5 57
4 0 55
20 12 97
8 2 80
6 10 13
27 19 90
24 8 63
3 11 24
25 0 96
6 10 1
11 13 39
11 10 54
5 16 54
13 10 85
12 20 98
16 1 40
0 25 51
16 20 12
1 16 52
13 22 97
1 4 99
16 15 56
13 23 61
19 3 45
3 23 15
12 24 54
4 12 57
20 2 68
13 18 71
18 3 67
20 7 18
28 14 25
4 0 85
23 3 81
16 27 75
2 13 7
6 17 43
9 3 4
19 2 39
14 2 98
13 0 70
20 7 8
20 1 32
23 7 27
12 8 53
14 16
0 9 14
12 7 69
9 6 43
12 4 71
8 11 45
6 10 95
7 13 85
5 9 78
3 5 51
1 4 69
1 13 29
13 11 84
1 5 14
6 1 26
0 3 2
11 1 82
17 16
16 0 43
12 4 23
13 3 8
3 1 88
7 11 23
15 6 14
12 13 76
4 14 81
16 9 33
10 14 5
0 5 99
3 0 21
7 11 80
10 12 20
8 6 42
14 13 8
31 46
1 8 56
30 10 32
25 17 41
29 6 50
19 15 94
10 6 54
9 18 11
6 29 92
6 1 19
9 30 61
15 14 63
23 9 81
10 9 38
16 3 51
29 9 62
2 14 46
21 3 10
19 30 44
3 18 84
10 15 44
25 30 6
16 6 39
26 16 76
9 19 26
5 29 39
8 10 85
27 14 46
13 11 89
4 29 84
18 14 32
8 7 84
25 23 57
0 16 43
24 23 90
23 28 91
4 3 4
9 28 39
12 10 38
16 9 21
28 23 100
4 3 84
25 20 58
10 25 7
2 14 33
29 1 97
1 27 98
28 21
2 6 14
11 16 38
4 2 82
23 19 57
18 13 68
19 21 87
17 22 100
17 19 50
5 6 42
22 15 90
13 8 76
13 2 100
16 3 96
19 21 91
4 21 69
9 12 56
4 22 49
7 25 74
13 22 47
12 20 18
21 1 35
5 43
0 4 52
3 4 10
3 4 30
3 0 37
3 0 37
1 3 10
1 3 8
1 4 15
1 0 10
4 0 42
2 1 23
2 0 52
0 2 40
1 2 76
2 1 37
1 4 45
3 0 52
0 1 61
2 3 32
3 4 2
0 1 6
3 4 45
4 1 73
3 2 9
4 3 53
1 3 74
4 2 75
2 4 92
2 3 43
3 4 53
4 0 74
4 2 83
2 1 79
1 3 13
0 3 45
1 4 69
4 2 65
1 0 79
2 4 18
2 0 83
0 2 81
4 3 39
3 0 79
14 32
6 8 24
3 0 93
6 8 57
6 10 31
9 12 88
11 0 70
5 6 50
10 7 40
10 4 89
10 9 21
5 3 15
3 4 69
7 11 75
11 5 57
7 3 44
2 1 13
4 7 23
5 2 92
1 10 39
13 7 99
1 13 15
9 0 62
11 6 51
9 3 7
10 8 74
3 9 98
7 2 72
10 2 63
10 13 53
1 4 81
5 12 7
1 13 69
27 50
1 13 19
14 26 5
6 19 8
19 8 73
1 22 96
4 18 12
11 2 41
4 15 84
25 11 75
8 6 10
11 18 70
10 14 41
2 4 85
10 13 34
22 8 29
26 2 66
26 4 58
3 9 41
1 20 15
26 15 76
10 6 46
20 21 38
23 14 23
22 0 56
6 8 36
8 26 10
7 2 59
10 11 51
0 20 18
26 8 93
25 14 90
19 24 28
15 11 2
26 1 9
6 9 44
14 25 53
16 0 76
16 17 41
9 3 34
6 22 67
10 22 63
7 24 29
8 6 64
25 8 27
7 19 34
21 12 95
22 13 3
1 21 17
4 1 95
15 24 65
11 3
10 3 68
2 3 11
1 5 55
16 4
12 2 40
3 9 34
10 8 36
7 14 53
24 38
7 18 19
9 6 22
9 21 89
1 14 99
1 18 5
19 12 63
22 8 68
20 11 76
15 21 62
15 13 14
9 19 70
8 13 47
21 23 8
11 7 33
21 18 87
1 14 46
9 5 97
21 20 81
18 20 100
23 9 76
18 19 97
8 12 85
23 6 2
22 1 53
16 21 94
23 19 83
20 5 41
16 5 50
4 1 20
6 4 92
1 23 6
5 20 30
3 16 85
4 18 64
1 22 16
13 16 95
22 10 67
7 15 16
28 51
24 23 30
4 6 11
24 11 24
20 13 19
18 5 99
13 0 1
5 8 58
11 2 72
6 1 87
1 16 83
24 23 15
2 13 55
26 23 3
11 23 92
0 9 78
1 24 63
21 20 40
7 9 96
20 24 18
8 6 7
16 8 84
1 6 90
24 21 80
19 3 87
13 18 44
21 24 17
13 26 74
22 18 57
18 21 86
8 14 6
0 24 82
18 15 95
11 9 8
15 12 43
5 27 20
13 26 89
24 10 2
14 15 64
19 27 50
5 16 94
1 14 34
17 27 81
10 26 40
22 5 15
5 3 1
3 27 22
25 15 46
12 17 8
24 12 59
12 10 12
10 27 78
5 12
0 3 81
0 4 47
4 1 65
1 3 85
2 0 77
1 4 21
0 1 67
3 1 9
3 0 23
4 3 15
1 2 62
1 0 78
20 1
15 0 47
17 27
1 12 19
5 13 19
15 14 83
4 9 75
7 12 54
11 0 68
14 7 81
5 6 34
2 11 29
2 16 58
11 3 28
0 16 99
6 4 33
10 14 7
5 9 90
5 3 17
6 8 91
3 6 24
5 0 4
15 7 13
12 10 93
7 1 62
3 15 2
15 9 48
4 9 89
0 12 57
14 3 48
8 7
4 2 3
5 6 43
6 3 35
6 0 25
7 1 99
1 2 28
7 5 7
19 42
2 7 29
4 10 37
14 6 91
11 9 40
1 11 98
4 18 16
2 14 40
3 8 73
18 1 3
0 14 2
4 10 41
15 18 29
18 1 61
8 0 15
11 0 55
16 15 70
15 8 61
15 16 81
17 15 97
1 15 55
7 0 93
14 12 68
13 11 85
4 0 41
15 17 47
9 13 69
6 2 29
3 15 14
18 10 1
11 16 90
8 13 71
2 7 32
13 18 53
11 10 88
9 5 2
0 4 62
0 14 1
15 4 24
4 7 62
15 1 3
4 12 25
3 16 8
27 11
26 2 3
22 9 99
2 19 21
6 21 87
19 12 36
9 22 95
25 6 60
15 10 14
2 22 37
21 5 68
9 7 22
20 8
8 19 21
1 11 51
14 18 28
2 13 66
18 19 65
5 18 71
18 8 2
6 0 92
12 5
10 4 27
8 4 98
9 8 90
3 1 68
6 7 33
7 29
0 4 96
5 3 67
4 0 3
5 4 63
4 0 17
3 2 30
6 5 67
3 6 1
4 2 39
6 5 74
4 2 8
2 1 79
6 2 89
4 3 40
0 5 71
4 3 37
1 0 90
2 1 57
2 5 55
0 2 97
2 4 56
4 3 35
2 3 75
0 6 81
5 4 51
3 5 40
4 3 81
0 4 42
2 4 47
3 49
0 2 4
2 0 70
0 1 60
0 1 40
1 0 43
2 0 14
1 0 19
2 0 61
2 1 26
0 2 93
2 1 38
1 2 97
1 2 37
0 2 57
2 1 29
2 1 84
1 0 3
1 0 16
0 2 49
1 0 38
0 2 52
0 2 87
0 1 43
1 0 35
0 2 99
1 2 25
0 2 96
0 2 34
1 2 38
2 1 10
0 2 59
0 2 89
0 1 54
0 1 52
2 1 29
0 1 24
0 1 20
2 0 65
2 0 66
1 0 62
0 1 12
1 2 49
0 2 37
1 0 3
0 1 28
0 2 6
1 0 22
2 1 18
2 1 32
26 41
15 24 19
3 18 26
9 22 80
24 6 7
19 6 12
3 14 14
5 3 87
18 6 40
13 7 84
12 18 10
13 9 69
7 14 64
6 1 27
12 18 82
18 24 99
6 7 37
12 19 84
20 1 15
1 15 10
22 8 89
5 1 48
21 10 99
24 23 61
16 20 49
16 19 3
0 13 74
19 11 76
20 17 42
9 17 69
17 2 63
19 4 33
3 21 44
2 20 27
18 24 100
11 17 54
11 7 27
4 20 54
0 13 95
12 4 64
3 9 78
24 15 10
3 11
1 2 84
1 0 94
2 0 93
0 1 52
2 1 66
1 2 22
1 0 90
2 1 92
1 0 72
2 1 91
0 2 3
4 6
0 1 69
3 0 87
3 1 100
2 3 34
3 1 18
2 1 95
18 21
12 6 93
6 0 15
14 16 71
8 13 91
12 13 78
13 17 29
3 16 55
8 7 87
5 1 37
1 11 58
7 0 86
5 0 14
1 14 87
12 2 55
8 16 79
5 13 43
5 3 1
13 8 87
16 9 75
15 3 32
3 1 70
25 24
0 7 21
0 1 76
15 14 54
20 5 96
16 0 37
14 0 2
7 13 96
15 12 97
7 12 18
8 20 52
8 2 73
9 5 48
24 20 1
20 2 97
13 2 85
4 3 39
12 18 34
1 6 49
14 4 81
9 21 90
14 22 98
19 21 59
16 18 11
18 19 58
4 46
0 2 52
2 1 47
2 0 43
2 0 34
3 1 21
0 2 10
0 3 54
0 2 96
1 0 37
3 2 65
0 1 84
3 0 43
1 3 93
2 0 93
2 1 98
0 3 46
0 2 38
1 2 26
0 1 42
1 2 25
1 2 60
0 1 96
1 2 12
1 2 51
0 3 57
0 2 2
2 0 15
3 1 68
0 1 15
1 2 97
1 0 69
1 3 52
3 2 2
2 1 10
0 1 6
0 2 82
2 0 35
2 3 84
0 3 27
2 0 90
0 2 54
3 0 28
0 3 61
2 1 96
3 1 80
1 3 83
9 49
6 8 76
0 4 6
1 4 4
4 8 84
1 4 19
6 7 8
6 3 25
6 7 40
0 6 6
7 0 7
3 6 82
3 2 87
3 4 28
6 5 9
5 4 56
2 7 80
7 3 2
4 3 59
3 1 65
7 5 45
0 3 23
5 3 97
6 7 77
3 1 85
5 4 87
2 8 84
5 1 72
8 1 33
7 8 99
1 5 68
2 4 29
7 5 79
5 2 7
6 3 92
1 7 30
3 4 14
6 4 37
4 3 69
0 3 68
2 8 87
4 1 15
8 6 30
1 7 7
4 7 22
6 1 41
0 3 6
5 7 42
7 2 10
7 5 29
7 28
6 2 38
0 4 3
4 0 53
6 2 89
0 4 65
2 4 37
1 0 43
0 4 25
4 0 33
1 3 30
1 0 24
5 1 48
5 4 33
0 2 85
5 4 48
0 5 51
0 1 11
3 4 12
3 2 23
4 3 66
5 4 75
6 0 18
2 1 74
5 4 53
1 6 100
1 3 3
1 4 13
4 1 25
2 17
1 0 10
1 0 95
1 0 68
1 0 28
1 0 17
1 0 58
1 0 64
0 1 90
0 1 5
1 0 98
1 0 9
1 0 94
1 0 37
1 0 66
0 1 29
1 0 20
0 1 15
12 14
11 2 62
2 9 70
4 9 14
1 2 44
11 0 32
1 10 77
2 3 60
10 11 89
9 10 35
7 6 37
10 6 44
7 8 50
4 1 22
6 3 87
18 0
25 20
22 4 47
6 24 58
21 0 47
4 19 81
4 22 69
1 17 64
17 0 13
9 2 86
21 20 24
21 9 38
2 4 85
3 0 18
4 8 66
0 6 96
22 13 77
16 6 80
16 19 22
21 8 8
16 18 4
0 16 50
22 4
10 17 8
18 8 68
9 4 74
20 6 12
2 26
0 1 56
1 0 94
0 1 39
1 0 18
0 1 78
0 1 2
0 1 53
0 1 41
1 0 34
0 1 46
1 0 58
0 1 94
0 1 3
1 0 23
0 1 71
0 1 9
1 0 95
1 0 50
1 0 100
0 1 20
0 1 85
1 0 94
0 1 70
1 0 61
1 0 7
0 1 56
21 33
3 8 33
16 5 87
15 1 14
19 1 99
16 9 92
19 11 37
5 19 36
11 5 63
2 6 55
3 12 88
6 19 21
20 3 7
15 4 72
13 3 70
7 12 14
5 0 2
1 20 46
6 10 69
10 11 81
20 13 54
18 9 1
19 0 52
0 12 29
4 16 14
14 18 55
15 3 25
12 7 50
1 14 42
12 14 55
4 13 49
13 16 74
11 1 67
2 5 29
14 45
6 9 81
6 10 81
5 2 30
2 7 28
4 6 32
4 10 29
11 0 39
12 2 80
9 0 64
5 12 61
9 6 93
2 0 73
5 2 54
6 7 88
9 11 71
13 8 99
4 8 65
6 4 58
3 11 44
9 7 75
7 11 11
1 9 65
9 0 97
4 13 72
12 7 89
6 5 47
11 13 67
10 4 50
13 7 45
10 0 32
8 7 43
10 0 59
3 0 55
7 13 27
10 4 58
1 9 56
12 6 22
6 8 23
6 1 19
2 1 50
8 6 44
2 6 54
5 6 9
11 3 87
1 7 53
27 42
13 3 65
18 3 96
5 12 15
15 2 39
16 23 5
24 20 42
6 4 67
5 25 64
14 15 53
19 9 79
6 12 96
24 5 91
25 17 33
0 13 89
13 19 28
22 8 99
26 19 98
14 3 15
2 9 50
11 3 59
13 0 3
18 16 51
8 3 82
21 12 9
2 8 35
26 10 81
15 19 31
2 22 45
4 20 46
5 23 57
18 24 59
9 2 62
15 6 97
17 16 100
22 18 83
21 17 63
1 9 85
5 0 87
22 5 3
24 10 61
1 17 60
3 26 41
10 10
2 6 63
8 7 52
3 9 48
7 4 25
3 8 12
1 9 9
1 4 3
1 4 8
2 5 26
2 7 86
5 24
1 0 65
2 1 48
1 3 77
2 0 91
1 3 42
0 4 73
2 4 84
2 1 28
0 2 90
0 4 16
3 4 80
3 1 79
4 1 8
2 1 97
1 0 87
0 2 49
2 0 88
1 2 45
0 3 56
4 0 7
0 3 90
2 0 49
4 3 45
4 3 11
0 0

