(psel1crit.c)
TAMANHO		Serial		1		2		4		8		16		32
100		0.0001		0.0005		0.0014		0.0067		0.0046		0.0034		0.0067		
				0.1561		0.0535		0.0110		0.0157		0.0214		0.0109		
				0.1561		0.0267		0.0027		0.0020		0.0013		0.0003		
1000		0.0014		0.0100		0.0120		0.0552		0.0565		0.0599		0.0821		
				0.1365		0.1144		0.0248		0.0242		0.0228		0.0167		
				0.1365		0.0572		0.0062		0.0030		0.0014		0.0005		
10000		0.1288		0.9541		3.3000		5.8498		6.6188		7.1146		7.1234		
				0.1350		0.0390		0.0220		0.0195		0.0181		0.0181		
				0.1350		0.0195		0.0055		0.0024		0.0011		0.0006		
