(psel1.c)
TAMANHO		Serial		1		2		4		8		16		32
100		0.0000		0.0001		0.0004		0.0006		0.0056		0.0097		0.0064		
				0.1490		0.0499		0.0338		0.0037		0.0021		0.0032		
				0.1490		0.0250		0.0085		0.0005		0.0001		0.0001		
1000		0.0014		0.0099		0.0358		0.0740		0.0548		0.0613		0.0844		
				0.1375		0.0381		0.0184		0.0249		0.0222		0.0161		
				0.1375		0.0190		0.0046		0.0031		0.0014		0.0005		
10000		0.1289		0.9421		3.6664		6.6143		6.4033		6.6454		6.5704		
				0.1368		0.0351		0.0195		0.0201		0.0194		0.0196		
				0.1368		0.0176		0.0049		0.0025		0.0012		0.0006

(psel1crit.c)
TAMANHO		Serial		1		2		4		8		16		32
100		0.0001		0.0005		0.0014		0.0067		0.0046		0.0034		0.0067		
				0.1561		0.0535		0.0110		0.0157		0.0214		0.0109		
				0.1561		0.0267		0.0027		0.0020		0.0013		0.0003		
1000		0.0014		0.0100		0.0120		0.0552		0.0565		0.0599		0.0821		
				0.1365		0.1144		0.0248		0.0242		0.0228		0.0167		
				0.1365		0.0572		0.0062		0.0030		0.0014		0.0005		
10000		0.1288		0.9541		3.3000		5.8498		6.6188		7.1146		7.1234		
				0.1350		0.0390		0.0220		0.0195		0.0181		0.0181		
				0.1350		0.0195		0.0055		0.0024		0.0011		0.0006

(psel1reduct.c)
TAMANHO		Serial		1		2		4		8		16		32
100		0.0001		0.0002		0.0004		0.0153		0.0018		0.0034		0.0068		
				0.3733		0.1691		0.0047		0.0391		0.0212		0.0106		
				0.3733		0.0845		0.0012		0.0049		0.0013		0.0003		
1000		0.0014		0.0017		0.0019		0.0015		0.0191		0.0360		0.0700		
				0.8241		0.7290		0.8849		0.0712		0.0378		0.0195		
				0.8241		0.3645		0.2212		0.0089		0.0024		0.0006		
10000		0.1288		0.1285		0.0740		0.0764		0.2274		0.4079		0.7970		
				1.0020		1.7409		1.6864		0.5664		0.3157		0.1616		
				1.0020		0.8705		0.4216		0.0708		0.0197		0.0050
