21 50 100 
6 106
2 6254
44 3640
16 6990
6 3523
9 3565
37 2901
6 9986
50 8440
19 1227
22 219
37 5610
10 8481
29 1509
6 249
10 1783
19 7097
27 2898
20 8409
40 4563
35 6766
8 4932
5 9967
42 5928
29 2781
35 7543
50 5497
13 3556
47 4975
45 7241
7 8207
20 8222
10 9860
26 2749
34 2083
48 6008
34 7162
2 7461
32 5023
5 5038
27 44
22 7003
17 9341
36 2291
40 3669
46 4329
48 112
33 3011
38 5733
47 1705

21 50 100
4 226
36 3285
46 5610
15 77
33 6729
13 7133
27 5265
37 9638
46 2848
33 7950
41 6750
44 1620
28 8810
11 9132
12 9496
8 6482
37 6303
20 216
14 5051
49 5270
8 5906
40 4305
6 1347
49 4143
49 6011
19 2804
8 8918
11 587
16 2587
27 639
31 9394
14 1954
15 9369
31 8791
12 520
21 5218
28 8653
27 7269
16 903
25 9568
15 4725
43 7705
16 7235
22 9690
39 5251
48 7997
31 3098
13 158
9 9043
47 2748

21 50 100
30 3519
49 2782
46 649
33 6384
50 7925
16 1229
5 7831
6 3777
21 4484
50 4687
9 5797
44 7074
10 5469
9 8778
40 2471
26 8306
14 3406
45 621
7 6268
32 5384
6 4354
23 8560
27 5793
13 8216
34 9866
30 3998
12 1094
5 5809
45 1582
35 6844
7 6951
6 3052
28 1905
19 3224
2 9234
3 7763
45 1570
14 4455
19 967
8 3358
43 3073
50 8608
38 372
43 9130
38 2896
36 9908
1 5286
1 3898
39 3521
38 92
0 0 0
